balance-scale,RandF500,test,0,NANOSECONDS,PREDICTIONS, Generated by Experiments.java on 2022-02-22 16:08:19.    SYSTEMPROPERTIES:{user.name:Joshu,os.arch:amd64,os.name:Windows 10},ENDSYSTEMPROPERTIES
No parameter info
0.7507987220447284,109638700,29537700,-1,37830552,3,,-1,-1
0,2,,0.028663,0.319339,0.651998,,278900,,
0,1,,0.018442,0.815566,0.165993,,165300,,
0,1,,0.033329,0.53166,0.435012,,151500,,
0,1,,0.011025,0.822049,0.166926,,154000,,
0,2,,0.019866,0.454522,0.525612,,173000,,
0,2,,0.012379,0.313866,0.673755,,104800,,
0,1,,0.014838,0.542996,0.442166,,128600,,
0,2,,0.037333,0.377166,0.585501,,89800,,
0,1,,0.005221,0.568571,0.426209,,95400,,
0,1,,0.009055,0.513957,0.476988,,139300,,
0,2,,0.019272,0.477509,0.503219,,120400,,
0,2,,0.042297,0.438583,0.51912,,125600,,
0,2,,0.005448,0.473742,0.52081,,123900,,
0,2,,0.021358,0.299067,0.679575,,129100,,
0,2,,0.023028,0.083124,0.893849,,78500,,
0,1,,0.003816,0.586241,0.409942,,97300,,
0,1,,0.023353,0.680355,0.296292,,107800,,
0,2,,0.017935,0.313176,0.668889,,108700,,
0,1,,0.011963,0.528577,0.45946,,154700,,
0,2,,0.042628,0.323401,0.633971,,68700,,
0,1,,0.013047,0.629096,0.357857,,123100,,
0,2,,0.019587,0.439002,0.541411,,95500,,
0,1,,0.020193,0.491169,0.488639,,37900,,
0,1,,0.082258,0.575148,0.342594,,80200,,
0,2,,0.04299,0.441088,0.515922,,65200,,
1,2,,0.033763,0.276106,0.690131,,81600,,
1,1,,0.164931,0.71962,0.11545,,81300,,
1,1,,0.032802,0.859195,0.108002,,67100,,
1,1,,0.013599,0.914907,0.071494,,81100,,
1,1,,0.070577,0.725133,0.20429,,58300,,
1,1,,0.025326,0.53148,0.443194,,107400,,
1,1,,0.003595,0.991882,0.004523,,108400,,
1,1,,0.044149,0.936228,0.019624,,80400,,
1,1,,0.222275,0.754711,0.023014,,99200,,
1,1,,0.017098,0.745417,0.237485,,78100,,
1,1,,0.003843,0.536868,0.459289,,104600,,
1,1,,0.08374,0.887924,0.028336,,74000,,
1,1,,0.001195,0.840417,0.158388,,76900,,
1,1,,0.002875,0.994134,0.00299,,73900,,
1,1,,0.034686,0.945775,0.019539,,66700,,
1,1,,0.009301,0.980468,0.010231,,69500,,
1,1,,0,0.980387,0.019613,,65800,,
1,1,,0.013932,0.803338,0.18273,,68700,,
1,1,,0.141498,0.815214,0.043288,,73900,,
1,1,,0.021176,0.876043,0.102781,,63600,,
1,1,,0.007497,0.807936,0.184567,,94200,,
1,1,,0.0028,0.99198,0.00522,,77900,,
1,1,,0.100733,0.764343,0.134924,,79100,,
1,1,,0.002288,0.919746,0.077966,,69700,,
1,1,,0.03318,0.59353,0.37329,,50600,,
1,2,,0.069461,0.244132,0.686406,,134900,,
1,2,,0.157442,0.298528,0.54403,,83500,,
1,2,,0.028313,0.147789,0.823897,,65300,,
1,1,,0.168798,0.709456,0.121746,,68400,,
1,1,,0.081557,0.489276,0.429167,,85800,,
1,1,,0.003802,0.75955,0.236648,,85600,,
1,1,,0.006835,0.883537,0.109628,,55100,,
1,1,,0.051005,0.908097,0.040899,,76700,,
1,2,,0.055581,0.354254,0.590165,,65300,,
1,1,,0.007344,0.91328,0.079376,,60300,,
1,1,,0.019005,0.814927,0.166067,,65200,,
1,1,,0.012452,0.950873,0.036676,,46500,,
1,1,,0.109687,0.746206,0.144108,,74600,,
1,1,,0.087579,0.89766,0.014761,,97300,,
1,1,,0.003173,0.894664,0.102163,,80800,,
1,1,,0.005591,0.987095,0.007313,,69800,,
1,1,,0.136097,0.85709,0.006812,,67200,,
1,1,,0.004348,0.835483,0.160169,,55400,,
1,2,,0.036459,0.235806,0.727735,,77800,,
1,1,,0.01335,0.552994,0.433657,,64800,,
1,2,,0.146561,0.392019,0.46142,,112800,,
1,1,,0.010174,0.971745,0.018081,,66600,,
1,1,,0.017209,0.957481,0.02531,,66200,,
1,1,,0.042944,0.541527,0.41553,,82500,,
1,2,,0.32252,0.136689,0.540791,,45000,,
1,1,,0.002269,0.846063,0.151669,,77600,,
1,1,,0.068209,0.602575,0.329216,,94100,,
1,2,,0.286276,0.342355,0.371369,,113300,,
1,2,,0.117277,0.339745,0.542978,,102200,,
1,1,,0.016348,0.535876,0.447776,,89700,,
1,1,,0.010412,0.951323,0.038265,,65000,,
1,1,,0.025945,0.900803,0.073252,,67700,,
1,1,,0.008181,0.653647,0.338172,,87100,,
1,1,,0.192122,0.68117,0.126708,,86200,,
1,1,,0.185559,0.711169,0.103273,,57300,,
1,1,,0.306644,0.563792,0.129564,,108900,,
1,2,,0.21276,0.207246,0.579994,,96000,,
1,1,,0.032659,0.961769,0.005572,,61400,,
1,1,,0.003219,0.977273,0.019507,,52700,,
1,1,,0.020478,0.91862,0.060902,,54400,,
1,1,,0.158782,0.646879,0.194339,,79500,,
1,2,,0.254445,0.345767,0.399788,,89600,,
1,1,,0.062365,0.869927,0.067708,,87800,,
1,1,,0.062278,0.469974,0.467748,,90100,,
1,1,,0.039788,0.767627,0.192585,,81200,,
1,1,,0.017459,0.527144,0.455397,,89400,,
1,1,,0.276519,0.482442,0.241039,,97200,,
1,2,,0.001509,0.476761,0.52173,,84600,,
1,1,,0.189072,0.636902,0.174027,,81300,,
1,1,,0.213743,0.776375,0.009882,,76500,,
1,1,,0.008418,0.98805,0.003532,,70400,,
1,1,,0.083517,0.840096,0.076387,,56000,,
1,2,,0.039458,0.326591,0.633951,,110300,,
1,1,,0.028633,0.968709,0.002658,,76300,,
1,1,,0.137026,0.782368,0.080606,,113800,,
1,1,,0.311571,0.643828,0.044601,,99000,,
1,1,,0.031902,0.660272,0.307826,,119800,,
1,1,,0.011057,0.95851,0.030433,,84400,,
1,2,,0.037567,0.158276,0.804157,,95700,,
1,2,,0.019361,0.481965,0.498674,,136200,,
1,1,,0.003753,0.652252,0.343995,,109200,,
1,1,,0.281731,0.522724,0.195545,,119800,,
1,1,,0.224184,0.458911,0.316905,,117200,,
1,1,,0.027778,0.551552,0.42067,,123200,,
1,2,,0.052894,0.46575,0.481357,,79300,,
1,1,,0.0015,0.993686,0.004814,,99900,,
1,1,,0.101911,0.507508,0.390581,,125400,,
1,1,,0.025285,0.966062,0.008654,,72400,,
1,2,,0.072787,0.269937,0.657276,,111400,,
1,1,,0.00263,0.860447,0.136923,,112100,,
1,1,,0.003663,0.95775,0.038587,,90800,,
1,1,,0.063503,0.545618,0.390879,,95800,,
1,2,,0.199659,0.38656,0.413781,,118800,,
1,1,,0.003403,0.932041,0.064556,,129200,,
1,1,,0.123515,0.557094,0.319391,,132600,,
1,1,,0.16173,0.734693,0.103577,,184800,,
1,1,,0.01826,0.834962,0.146778,,138500,,
1,1,,0.00109,0.738997,0.259913,,185700,,
1,1,,0.008559,0.660287,0.331154,,130900,,
1,2,,0.081033,0.328806,0.590161,,111900,,
1,1,,0.240699,0.438747,0.320554,,134000,,
1,2,,0.005045,0.41582,0.579135,,93000,,
1,1,,0.174665,0.519829,0.305506,,118600,,
1,1,,0.089414,0.506356,0.40423,,116600,,
1,1,,0.252564,0.498432,0.249004,,120500,,
1,2,,0.34556,0.263983,0.390458,,84300,,
1,1,,0.015603,0.922611,0.061786,,78000,,
1,1,,0.226161,0.52827,0.245569,,106400,,
1,1,,0.093008,0.583695,0.323296,,124900,,
1,1,,0.005772,0.967252,0.026976,,93900,,
1,0,,0.381534,0.286893,0.331573,,65200,,
1,2,,0.147282,0.368911,0.483807,,120600,,
1,2,,0.171191,0.404139,0.424669,,98700,,
1,1,,0.173478,0.596591,0.229931,,119500,,
1,1,,0.185815,0.554099,0.260085,,73000,,
1,1,,0.19291,0.669361,0.137729,,70400,,
1,1,,0.118631,0.695729,0.185639,,71200,,
1,1,,0.132323,0.726848,0.140829,,66500,,
1,1,,0.011161,0.697959,0.29088,,105000,,
1,1,,0.117267,0.533866,0.348867,,110600,,
1,2,,0.176744,0.377781,0.445476,,60000,,
1,1,,0.100412,0.559097,0.340491,,59400,,
1,1,,0.133773,0.834448,0.031778,,98300,,
1,1,,0.014853,0.662822,0.322325,,97100,,
1,1,,0.224492,0.617711,0.157797,,89200,,
1,2,,0.251442,0.349179,0.399379,,131100,,
1,1,,0.017302,0.827684,0.155014,,74700,,
1,1,,0.066653,0.677534,0.255813,,83900,,
1,1,,0.014027,0.612342,0.373631,,93400,,
1,2,,0.213149,0.381306,0.405545,,108400,,
1,1,,0.092736,0.870598,0.036666,,71500,,
1,1,,0.013154,0.805364,0.181482,,56100,,
1,1,,0.007401,0.979962,0.012638,,72400,,
1,1,,0.012183,0.924286,0.063531,,70300,,
1,1,,0.005223,0.608619,0.386159,,101900,,
1,1,,0.015041,0.539798,0.445161,,84500,,
1,1,,0.218471,0.667486,0.114042,,67800,,
1,2,,0.173044,0.380012,0.446944,,108200,,
1,1,,0.011095,0.974264,0.014641,,66000,,
2,1,,0.012982,0.534838,0.45218,,97700,,
2,2,,0.204649,0.36176,0.433591,,91000,,
2,2,,0.101776,0.092742,0.805481,,74100,,
2,2,,0.178138,0.16874,0.653121,,106900,,
2,2,,0.028511,0.363108,0.608382,,96600,,
2,2,,0.042361,0.293755,0.663884,,71000,,
2,2,,0.004381,0.018487,0.977131,,79700,,
2,1,,0.212288,0.500192,0.28752,,78200,,
2,2,,0.020353,0.352317,0.62733,,79600,,
2,2,,0.016561,0.111718,0.87172,,98000,,
2,1,,0.192191,0.660034,0.147776,,100600,,
2,2,,0.286418,0.286348,0.427233,,80000,,
2,2,,0.020906,0.322086,0.657008,,71100,,
2,2,,0.058984,0.155674,0.785342,,63000,,
2,2,,0.013929,0.192459,0.793612,,109300,,
2,2,,0.224412,0.033129,0.742459,,92800,,
2,1,,0.095375,0.45617,0.448455,,64700,,
2,2,,0.004087,0.230079,0.765834,,87500,,
2,2,,0.024552,0.352967,0.62248,,74900,,
2,2,,0.055249,0.057839,0.886911,,60700,,
2,2,,0.000113,0.058456,0.941431,,75200,,
2,2,,0.013829,0.034219,0.951952,,75600,,
2,2,,0.158082,0.202778,0.63914,,49400,,
2,2,,0.004229,0.0027,0.993071,,68900,,
2,2,,0.053563,0.095931,0.850506,,81800,,
2,1,,0.077575,0.626114,0.296311,,109700,,
2,2,,0.249303,0.158035,0.592662,,87900,,
2,2,,0.133702,0.050219,0.816079,,65600,,
2,2,,0.209204,0.348305,0.442491,,92800,,
2,2,,0.112524,0.424393,0.463083,,94700,,
2,2,,0.213154,0.253834,0.533012,,95500,,
2,2,,0.170596,0.184844,0.644561,,67200,,
2,2,,0.120195,0.363704,0.516101,,113300,,
2,2,,0.078175,0.394401,0.527424,,82200,,
2,1,,0.040723,0.749736,0.209541,,81600,,
2,2,,0.118836,0.372168,0.508997,,86000,,
2,2,,0.005439,0.004868,0.989693,,68200,,
2,1,,0.017579,0.531595,0.450826,,78700,,
2,1,,0.121761,0.452802,0.425437,,108300,,
2,2,,0.007951,0.301314,0.690735,,78600,,
2,2,,0.003442,0.074039,0.922518,,65500,,
2,2,,0.008114,0.01171,0.980176,,63800,,
2,2,,0.275501,0.14714,0.57736,,97600,,
2,2,,0.217111,0.381748,0.401142,,97300,,
2,2,,0.003023,0.025324,0.971653,,46400,,
2,2,,0.028759,0.030345,0.940896,,67400,,
2,1,,0.126182,0.65906,0.214758,,79500,,
2,2,,0.070322,0.24453,0.685149,,74100,,
2,2,,0.100625,0.096025,0.80335,,87400,,
2,2,,0.001853,0.35648,0.641668,,95500,,
2,2,,0.014552,0.044007,0.941441,,63700,,
2,2,,0.012449,0.063483,0.924067,,83500,,
2,2,,0.116005,0.052958,0.831037,,114800,,
2,2,,0.076385,0.329715,0.5939,,70600,,
2,2,,0.114631,0.356044,0.529324,,108500,,
2,2,,0.007022,0.017701,0.975277,,75000,,
2,2,,0.057735,0.075373,0.866892,,67500,,
2,2,,0.334047,0.198764,0.467189,,108300,,
2,1,,0.02255,0.505314,0.472136,,87600,,
2,2,,0.004573,0.420059,0.575367,,95300,,
2,1,,0.005666,0.5152,0.479133,,88200,,
2,1,,0.020932,0.565116,0.413953,,95000,,
2,2,,0.083969,0.346779,0.569253,,63300,,
2,2,,0.030006,0.346654,0.623339,,69200,,
2,2,,0.034006,0.09202,0.873974,,142300,,
2,2,,0.013212,0.006637,0.980152,,160500,,
2,2,,0.16148,0.289713,0.548807,,103700,,
2,2,,0.001368,0.066158,0.932474,,93200,,
2,1,,0.001676,0.686962,0.311362,,98400,,
2,2,,0.123253,0.279952,0.596795,,93800,,
2,2,,0.015965,0.368606,0.615428,,114900,,
2,1,,0.007356,0.502706,0.489938,,114400,,
2,2,,0.150657,0.160995,0.688348,,73100,,
2,2,,0.185334,0.035812,0.778854,,99400,,
2,2,,0.103501,0.234455,0.662044,,102700,,
2,2,,0.024168,0.099582,0.87625,,68900,,
2,2,,0.002842,0.007156,0.990002,,76000,,
2,2,,0.027595,0.06385,0.908555,,109000,,
2,2,,0.143158,0.240842,0.615999,,88700,,
2,2,,0.316086,0.186542,0.497371,,68300,,
2,1,,0.067806,0.477013,0.455181,,57100,,
2,2,,0.020304,0.259196,0.7205,,115800,,
2,2,,0.002902,0.008499,0.988599,,90700,,
2,2,,0.11721,0.144681,0.738109,,68200,,
2,2,,0.020114,0.039472,0.940415,,89400,,
2,2,,0.052547,0.375011,0.572442,,91500,,
2,1,,0.007872,0.600396,0.391732,,85000,,
2,2,,0.009495,0.009236,0.981268,,72500,,
2,2,,0.232043,0.203357,0.564601,,113100,,
2,2,,0.023497,0.293214,0.683289,,63400,,
2,2,,0.046238,0.072108,0.881655,,63700,,
2,1,,0.016688,0.566712,0.4166,,78400,,
2,2,,0.070882,0.320316,0.608802,,93500,,
2,2,,0.020852,0.400397,0.578751,,80100,,
2,2,,0.015039,0.093402,0.891559,,78600,,
2,2,,0.002915,0.338436,0.658649,,68800,,
2,2,,0.004113,0.026585,0.969302,,69200,,
2,2,,0.019595,0.329537,0.650868,,106600,,
2,2,,0.095156,0.133015,0.771829,,111000,,
2,1,,0.191566,0.539161,0.269273,,127600,,
2,2,,0.004082,0.02463,0.971288,,99700,,
2,2,,0.005606,0.424152,0.570242,,125700,,
2,2,,0.032255,0.250747,0.716998,,102700,,
2,2,,0.162291,0.386724,0.450985,,75000,,
2,2,,0.010441,0.114531,0.875029,,184800,,
2,2,,0.075493,0.43222,0.492287,,123300,,
2,2,,0.220694,0.269232,0.510074,,195700,,
2,2,,0.052092,0.088363,0.859545,,129800,,
2,2,,0,0.016677,0.983323,,119600,,
2,2,,0.006627,0.105929,0.887444,,159600,,
2,2,,0.113311,0.283014,0.603674,,121000,,
2,2,,0.000947,0.334559,0.664494,,93400,,
2,2,,0.001698,0,0.998302,,110600,,
2,1,,0.10646,0.554668,0.338872,,288900,,
2,2,,0.203146,0.397985,0.398869,,170600,,
2,2,,0.360428,0.086922,0.55265,,67800,,
2,2,,0.038892,0.081484,0.879624,,127700,,
2,2,,0.010169,0.006867,0.982964,,90700,,
2,2,,0.111846,0.35063,0.537524,,153000,,
2,2,,0.216889,0.034193,0.748918,,62100,,
2,2,,0.183444,0.152301,0.664255,,120900,,
2,2,,0.021047,0.322919,0.656034,,89000,,
2,2,,0.00316,0.386766,0.610074,,134500,,
2,2,,0.184168,0.142953,0.672879,,107300,,
2,2,,0.135173,0.34585,0.518977,,111400,,
2,2,,0.130549,0.268076,0.601375,,132500,,
2,1,,0.289026,0.441234,0.26974,,130800,,
2,2,,0.099405,0.27113,0.629465,,114000,,
2,2,,0.093771,0.30744,0.598788,,126500,,
2,2,,0.007334,0.308814,0.683851,,113100,,
2,2,,0.102744,0.06417,0.833086,,81400,,
2,2,,0.007223,0.017433,0.975344,,87100,,
2,1,,0.017854,0.632303,0.349843,,101100,,
2,2,,0.047877,0.320869,0.631254,,90400,,
2,1,,0.019075,0.551236,0.429689,,117200,,
2,1,,0.235174,0.387329,0.377497,,114000,,
2,1,,0.028891,0.654056,0.317053,,92000,,
2,2,,0.003897,0.254032,0.742071,,96400,,
2,2,,0.022003,0.160216,0.81778,,111400,,
2,2,,0.006141,0.387762,0.606097,,97400,,
2,2,,0.041263,0.116191,0.842546,,84200,,
2,2,,0.026532,0.120653,0.852815,,95200,,
2,2,,0.003243,0.004307,0.992451,,76000,,
2,2,,0.008064,0.098308,0.893628,,87800,,